1
1
10
100
1000
102
102
103
103
103
103
103
103
104
104
106
107
109
109
109
11
110
112
112
112
112
113
115
115
115
116
116
116
117
119
12
12
12
120
121
121
122
124
127
128
129
13
131
133
133
135
137
138
138
139
139
139
139
14
14
14
141
141
142
142
144
147
148
148
149
150
151
153
155
156
157
157
158
16
16
16
160
161
164
164
165
168
168
174
174
177
18
18
181
181
186
186
187
188
189
189
189
19
190
190
191
191
192
192
193
193
194
194
196
197
197
198
2
2
2
20
201
202
203
204
205
206
207
207
207
21
211
212
212
214
214
215
217
217
22
22
22
222
223
223
223
224
224
225
226
227
228
228
23
230
232
232
232
233
233
238
239
24
24
24
240
243
244
246
247
247
249
25
25
251
252
252
252
254
254
254
256
256
257
257
257
258
259
259
263
263
265
266
266
268
269
27
270
270
271
271
272
273
279
281
282
282
282
282
284
286
286
286
290
291
291
291
293
293
297
297
298
298
30
30
300
302
303
303
305
306
306
307
308
308
308
309
31
310
311
313
313
313
315
315
315
317
319
319
319
321
322
322
322
323
325
325
325
325
328
329
331
334
334
337
337
338
338
338
34
340
340
342
344
345
347
349
35
35
353
354
354
356
358
359
361
362
363
365
365
365
366
366
368
371
372
373
374
374
374
376
378
379
38
381
382
383
383
384
384
384
385
385
385
385
387
388
389
39
390
391
392
394
395
395
396
396
396
397
397
4
400
400
400
402
402
403
405
406
408
41
41
410
410
410
410
412
414
414
415
415
415
415
418
419
42
42
42
421
422
424
425
425
425
426
427
428
428
43
430
431
432
432
432
432
434
436
437
437
437
44
445
446
446
446
448
449
45
45
45
451
452
453
455
457
458
458
458
46
461
463
465
465
465
465
466
466
466
468
468
469
469
469
47
47
47
471
472
472
473
476
476
476
478
479
48
481
484
485
485
486
486
486
487
487
487
487
489
49
49
49
491
493
494
498
498
499
499
50
500
500
502
504
506
506
507
507
507
508
509
509
509
509
509
509
51
511
512
513
514
515
515
516
516
516
517
517
520
521
521
523
523
524
525
526
527
528
53
53
530
531
532
533
533
534
534
536
537
54
540
540
541
543
543
544
544
544
547
548
549
55
551
553
554
556
556
556
556
556
557
558
558
559
56
56
561
561
561
561
562
562
562
565
566
569
569
57
570
570
571
572
573
576
578
578
579
58
58
580
581
581
583
583
584
585
587
588
589
59
590
591
593
593
593
594
596
598
598
60
60
600
605
607
608
61
61
611
611
611
612
615
615
616
616
618
618
620
624
624
625
625
626
627
629
63
630
630
631
631
633
634
634
635
636
636
636
637
637
638
64
641
641
641
643
643
644
647
647
649
649
65
650
651
652
652
654
654
655
658
659
66
662
663
663
666
666
667
668
668
669
67
671
672
672
672
674
674
675
676
677
677
68
681
682
685
687
688
688
689
69
690
691
692
692
693
694
695
696
696
696
696
697
699
7
7
7
70
700
703
704
704
705
706
706
708
708
708
709
71
710
710
712
713
714
714
716
718
718
719
72
720
723
724
725
726
726
727
730
732
733
733
733
735
736
736
737
738
738
739
739
74
74
740
741
741
743
743
745
745
745
746
746
748
748
749
749
749
75
750
751
752
757
759
76
761
762
765
765
766
766
768
768
77
77
770
770
771
775
776
777
777
778
779
780
781
782
784
784
784
785
785
790
791
792
793
794
795
797
797
8
8
80
800
800
802
802
802
804
805
806
807
81
810
810
813
816
817
817
817
818
819
82
821
821
825
829
830
830
831
832
833
834
834
835
835
836
837
837
837
838
839
84
842
842
843
845
847
847
848
85
85
850
851
851
851
852
854
856
856
857
859
859
860
861
861
862
863
863
863
864
865
865
865
865
866
867
868
868
870
870
870
870
871
873
875
875
876
876
878
879
88
880
881
881
882
883
883
885
886
886
886
891
892
892
894
894
895
898
9
9
9
9
900
901
902
903
904
908
911
911
912
912
913
915
916
916
916
917
918
919
919
92
920
921
923
923
923
924
924
925
926
927
928
929
93
930
931
932
934
936
936
937
937
938
94
940
941
942
944
945
945
947
948
949
953
954
954
954
958
959
959
959
960
961
962
962
962
964
964
964
966
966
967
967
968
969
972
973
974
974
976
977
977
978
979
979
98
980
980
980
982
983
984
985
985
985
986
986
989
989
99
99
99
990
990
990
997
997
997
998
